17
313
178
157
204
447
315
308
139
216
475
211
301
442
34
432
24
459
178
98
244
128
145
459
219
24
192
271
50
443
421
341
156
447
6
97
406
268
139
107
415
168
426
383
225
336
266
285
5
418
147
139
287
167
410
26
129
390
123
380
120
123
437
146
135
293
271
43
141
217
379
453
322
452
318
410
111
109
465
382
206
40
92
29
127
132
168
235
101
98
449
190
237
111
226
292
99
496
124
156
254
13
326
251
285
242
116
478
456
166
479
20
221
252
192
199
150
164
441
172
74
142
171
371
360
75
57
31
46
283
488
203
342
404
115
477
145
235
175
363
287
152
87
490
691
856
605
693
875
810
694
512
606
772
656
958
615
915
946
830
951
754
674
903
645
738
600
659
849
959
969
939
968
991
556
949
793
510
593
792
882
673
570
561
890
913
929
955
769
545
855
628
742
698
768
856
997
804
933
823
618
626
878
852
817
916
719
807
932
524
584
537
626
594
679
616
545
563
728
927
872
949
560
850
521
875
714
694
653
991
631
992
998
696
923
822
918
632
931
984
917
776
653
644
638
996
954
636
971
826
788
880
830
701
712
532
540
511
756
802
798
828
886
701
745
691
911
567
866
656
515
904
717
825
672
794
655
652
575
914
550
554
726
574
758
679
527
758
695
507
805
762
527
972
349
497
363
341
460
290
12
440
403
310
211
121
426
74
413
150
470
400
405
383
445
305
169
49
8
171
128
229
46
404
430
161
57
146
94
498
182
480
296
425
368
31
163
289
7
474
139
489
129
151
164
26
224
400
179
44
363
136
194
367
264
119
408
379
289
348
431
469
179
385
315
393
394
327
123
24
372
156
238
139
165
218
159
277
293
23
323
414
79
227
346
185
11
92
245
444
275
370
402
69
85
345
87
277
232
377
22
318
247
114
194
396
433
95
200
1
33
2
37
116
381
417
12
366
177
60
257
40
18
363
69
315
273
168
45
60
109
406
345
225
470
44
187
144
138
461
53
497
431
94
145
26
402
409
35
237